# This file was created Sun Jan 11 00:40:02 2026
# Created by:
#                       :-) GROMACS - gmx rmsf, 2024.3 (-:
# 
# Executable:   /users/cdohert4/gromacs-2024.3/bin/gmx
# Data prefix:  /users/cdohert4/gromacs-2024.3
# Working dir:  /oscar/home/cdohert4/Experimental Data/HuR New Modified 4
# Command line:
#   gmx rmsf -s processed.gro -f centered.xtc -n index.ndx -o RMSF.xvg -res
# gmx rmsf is part of G R O M A C S:
#
# GROtesk MACabre and Sinister
#
@    title "RMS fluctuation"
@    xaxis  label "Residue"
@    yaxis  label "(nm)"
@TYPE xy
    1   0.2999
    2   0.2354
    3   0.2293
    4   0.2201
    5   0.2395
    6   0.2405
    7   0.2268
    8   0.1936
    9   0.2612
   10   0.2848
   11   0.3079
   12   0.2425
   13   0.2548
   14   0.2836
   15   0.2324
   16   0.2239
   17   0.2162
   18   0.1914
   19   0.2133
   20   0.1876
   21   0.1666
   22   0.1603
   23   0.1416
   24   0.1398
   25   0.1337
   26   0.1424
   27   0.1464
   28   0.1510
   29   0.1510
   30   0.1786
   31   0.1798
   32   0.1868
   33   0.1833
   34   0.2146
   35   0.1996
   36   0.1826
   37   0.2012
   38   0.2264
   39   0.2075
   40   0.1921
   41   0.2248
   42   0.2355
   43   0.2295
   44   0.2267
   45   0.2697
   46   0.2137
   47   0.2127
   48   0.1875
   49   0.1809
   50   0.1834
   51   0.1521
   52   0.1284
   53   0.1459
   54   0.1481
   55   0.1551
   56   0.1578
   57   0.1763
   58   0.1522
   59   0.1541
   60   0.1380
   61   0.1300
   62   0.1189
   63   0.1296
   64   0.1325
   65   0.1390
   66   0.1634
   67   0.1814
   68   0.1980
   69   0.2234
   70   0.2230
   71   0.2117
   72   0.2896
   73   0.2255
   74   0.2026
   75   0.2322
   76   0.2719
   77   0.1996
   78   0.1988
   79   0.2326
   80   0.2220
   81   0.2021
   82   0.1916
   83   0.1820
   84   0.1889
   85   0.2015
   86   0.1717
   87   0.2015
   88   0.1952
   89   0.1569
   90   0.1639
   91   0.1614
   92   0.1630
   93   0.1605
   94   0.1576
   95   0.1695
   96   0.1463
   97   0.1404
   98   0.1730
   99   0.1786
  100   0.1995
  101   0.2370
  102   0.2106
  103   0.1636
  104   0.1833
  105   0.1718
  106   0.1565
  107   0.1524
  108   0.1700
  109   0.1881
  110   0.2064
  111   0.2292
  112   0.2660
  113   0.2597
  114   0.2889
  115   0.3529
  116   0.3149
  117   0.2751
  118   0.2446
  119   0.2019
  120   0.2479
  121   0.2321
  122   0.2090
  123   0.2073
  124   0.2183
  125   0.2444
  126   0.1956
  127   0.1952
  128   0.2155
  129   0.1930
  130   0.1779
  131   0.1845
  132   0.1659
  133   0.1499
  134   0.1513
  135   0.1768
  136   0.1993
  137   0.2042
  138   0.2282
  139   0.2510
  140   0.3468
  141   0.3992
  142   0.4069
  143   0.3602
  144   0.2983
  145   0.3202
  146   0.2697
  147   0.2811
  148   0.2566
  149   0.2276
  150   0.2003
  151   0.1743
  152   0.1680
  153   0.1383
  154   0.1644
  155   0.1538
  156   0.1911
  157   0.1852
  158   0.1853
  159   0.1749
  160   0.1727
  161   0.2188
  162   0.2210
  163   0.1977
  164   0.2124
  165   0.2341
  166   0.2428
  167   0.2974
  168   0.2473
  169   0.2802
  170   0.2965
  171   0.3264
  172   0.2942
  173   0.3289
  174   0.3622
  175   0.3235
  176   0.3342
  177   0.3177
  178   0.2859
  179   0.2610
  180   0.2410
  181   0.2119
  182   0.2102
  183   0.1741
  184   0.1527
  185   0.1560
  186   0.1408
  187   0.1273
  188   0.1441
  189   0.1455
  190   0.1525
  191   0.1583
  192   0.1403
  193   0.1651
  194   0.1571
  195   0.1439
  196   0.1994
  197   0.1932
  198   0.1904
  199   0.1819
  200   0.1709
  201   0.2281
  202   0.2321
  203   0.2685
  204   0.3245
  205   0.3216
  206   0.2524
  207   0.2233
  208   0.2819
  209   0.2416
  210   0.2152
  211   0.1827
  212   0.1999
  213   0.2228
  214   0.2379
  215   0.2231
  216   0.2042
  217   0.2095
  218   0.2292
  219   0.2217
  220   0.2627
  221   0.3083
  222   0.2935
  223   0.2576
  224   0.2665
  225   0.2955
  226   0.2665
  227   0.2736
  228   0.2280
  229   0.2626
  230   0.2599
  231   0.2466
  232   0.1889
  233   0.2056
  234   0.2768
  235   0.3856
  236   0.3583
  237   0.3466
  238   0.3534
  239   0.2709
  240   0.3179
  241   0.2611
  242   0.2528
  243   0.2108
  244   0.1828
  245   0.1980
  246   0.1840
  247   0.2127
  248   0.2059
  249   0.2353
  250   0.2190
  251   0.2170
  252   0.2312
  253   0.2814
  254   0.2585
  255   0.2364
  256   0.2341
  257   0.2187
  258   0.2059
  259   0.2072
  260   0.1942
  261   0.1907
  262   0.2029
  263   0.2003
  264   0.1684
  265   0.1672
  266   0.1643
  267   0.1473
  268   0.1513
  269   0.1525
  270   0.1681
  271   0.1926
  272   0.2383
  273   0.2036
  274   0.2350
  275   0.2291
  276   0.2487
  277   0.2643
  278   0.2886
  279   0.3234
  280   0.3612
  281   0.2986
  282   0.3040
  283   0.2724
  284   0.2443
  285   0.2802
  286   0.2364
  287   0.2429
  288   0.2205
  289   0.2230
  290   0.1865
  291   0.1878
  292   0.1560
  293   0.1609
  294   0.1419
  295   0.1492
  296   0.1444
  297   0.1429
  298   0.1472
  299   0.1437
  300   0.1614
  301   0.1518
  302   0.1687
  303   0.1516
  304   0.1555
  305   0.1790
  306   0.1939
  307   0.2150
  308   0.1967
  309   0.2335
  310   0.2232
  311   0.2348
  312   0.2461
  313   0.2445
  314   0.2260
  315   0.1992
  316   0.2077
  317   0.2018
  318   0.2065
  319   0.1823
  320   0.1966
  321   0.1892
  322   0.2073
  323   0.2174
  324   0.2059
  325   0.1882
  326   0.2287
