 2300   2.3874
 2301   2.1178
 2302   1.8451
 2303   1.4952
 2304   1.1445
 2305   0.9152
 2306   0.7931
 2307   0.5956
 2308   0.4999
 2309   0.4502
 2310   0.4165
 2311   0.4008
 2312   0.3776
 2313   0.3155
 2314   0.2816
 2315   0.2916
 2316   0.3167
 2317   0.3393
 2318   0.3606
 2319   0.3859
 2320   0.4298
 2321   0.4190
 2322   0.4308
 2323   0.4830
 2324   0.6461
 2325   0.5975
 2326   0.5042
 2327   0.4336
 2328   0.3700
 2329   0.3234
 2330   0.3363
 2331   0.3718
 2332   0.4523
 2333   0.5370
 2334   0.7010
 2335   0.7039
 2336   0.6948
 2337   0.6639
 2338   0.7100
 2339   0.6637
 2340   0.6302
 2341   0.6018
 2342   0.5990
 2343   0.5091
 2344   0.4888
 2345   0.4702
 2346   0.4483
 2347   0.4176
 2348   0.3698
 2349   0.3703
 2350   0.3454
 2351   0.3379
 2352   0.3485
 2353   0.3507
 2354   0.3436
 2355   0.3246
 2356   0.3026
 2357   0.2930
 2358   0.3001
 2359   0.3205
 2360   0.3454
 2361   0.3835
 2362   0.4098
 2363   0.4485
 2364   0.4934
 2365   0.5864
 2366   0.6691
 2367   0.7503
 2368   0.8723
 2369   0.9962
 2370   1.0776
 2371   1.1259
 2372   1.1449
 2373   1.2265
 2374   1.3071
 2375   1.4211
 2376   1.5917
 2377   1.4588
 2378   1.3057
 2379   1.1659
 2380   1.0688
 2381   1.0221
 2382   1.0054
 2383   0.9672
 2384   0.9551
 2385   0.9393
 2386   0.8852
 2387   1.0625
 2388   0.8652
 2389   0.7791
 2390   0.9481
 2391   0.6856
 2392   0.5625
 2393   0.5077
 2394   0.4945
 2395   0.4759
 2396   0.4227
 2397   0.4189
 2398   0.4968
 2399   0.5535
 2400   0.5955
 2401   0.6677
 2402   0.7991
 2403   0.9878
 2404   0.8694
 2405   1.1439
 2406   0.9096
 2407   0.8914
 2408   0.7970
 2409   0.7411
 2410   0.7124
 2411   0.6977
 2412   0.6999
 2413   0.7633
 2414   0.8227
 2415   1.0459
 2416   0.8506
 2417   0.7499
 2418   0.6693
 2419   0.6043
 2420   0.5406
 2421   0.5569
 2422   0.5420
 2423   0.5199
 2424   0.5545
 2425   0.6896
 2426   0.7418
 2427   0.7792
 2428   0.8060
 2429   0.7830
 2430   0.7509
 2431   0.8068
 2432   0.8301
 2433   0.8717
 2434   0.7343
 2435   0.6050
 2436   0.5311
 2437   0.5075
 2438   0.5368
 2439   0.5410
 2440   0.5143
 2441   0.5242
 2442   0.4723
 2443   0.4032
 2444   0.3240
 2445   0.2632
 2446   0.2531
 2447   0.2063
 2448   0.2279
 2449   0.2942
 2450   0.3513
 2451   0.3308
 2452   0.3344
 2453   0.3143
 2454   0.2677
 2455   0.1688
 2456   0.1646
 2457   0.1705
 2458   0.1758
 2459   0.3012
 2460   0.2836
 2461   0.3017
 2462   0.3365
 2463   0.3496
 2464   0.3384
 2465   0.3209
 2466   0.3069
 2467   0.2909
 2468   0.2402
 2469   0.2541
 2470   0.3063
 2471   0.3681
 2472   0.3938
 2473   0.4987
 2474   0.5305
 2475   0.5816
 2476   0.6687
 2477   0.7808
 2478   0.8292
 2479   0.8320
 2480   0.7910
 2481   0.7409
 2482   0.6620
 2483   0.5679
 2484   0.4930
 2485   0.4893
 2486   0.5286
 2487   0.5387
 2488   0.5968
 2489   0.6693
 2490   0.7442
 2491   0.6766
 2492   0.5831
 2493   0.4770
 2494   0.4379
 2495   0.3736
 2496   0.2766
 2497   0.2264
 2498   0.1970
 2499   0.1906
 2500   0.2178
 2501   0.2423
 2502   0.2872
 2503   0.3160
 2504   0.3331
 2505   0.3348
 2506   0.3324
 2507   0.3831
 2508   0.4275
 2509   0.5739
 2510   0.7227
 2511   0.9196
 2512   1.1329
