@    title "RMS fluctuation"
@    xaxis  label "Residue"
@    yaxis  label "(nm)"
@TYPE xy
    1   0.0306
    2   0.0323
    3   0.0389
    4   0.0402
    5   0.0435
    6   0.0403
    7   0.0345
    8   0.0350
    9   0.0356
   10   0.0369
   11   0.0375
   12   0.0357
   13   0.0370
   14   0.0417
   15   0.0440
   16   0.0401
   17   0.0393
   18   0.0434
   19   0.0425
   20   0.0416
   21   0.0404
   22   0.0551
   23   0.0418
   24   0.0379
   25   0.0381
   26   0.0441
   27   0.0405
   28   0.0403
   29   0.0506
   30   0.0430
   31   0.0394
   32   0.0377
   33   0.0397
   34   0.0376
   35   0.0382
   36   0.0331
   37   0.0357
   38   0.0379
   39   0.0387
   40   0.0343
   41   0.0374
   42   0.0383
   43   0.0411
   44   0.0405
   45   0.0453
   46   0.0408
   47   0.0391
   48   0.0337
   49   0.0439
   50   0.0379
   51   0.0359
   52   0.0336
   53   0.0454
   54   0.0346
   55   0.0334
   56   0.0345
   57   0.0324
   58   0.0327
   59   0.0465
   60   0.0354
   61   0.0344
   62   0.0337
   63   0.0398
   64   0.0385
   65   0.0331
   66   0.0343
   67   0.0366
   68   0.0339
   69   0.0339
   70   0.0322
   71   0.0274
   72   0.0305
   73   0.0332
   74   0.0445
   75   0.0423
   76   0.0314
   77   0.0344
   78   0.0228
   79   0.0268
   80   0.0269
   81   0.0268
   82   0.0296
   83   0.0250
   84   0.0289
