# This file was created Thu Nov 27 13:09:50 2025
# Created by:
#                       :-) GROMACS - gmx rmsf, 2024.3 (-:
# 
# Executable:   /users/cdohert4/gromacs-2024.3/bin/gmx
# Data prefix:  /users/cdohert4/gromacs-2024.3
# Working dir:  /oscar/home/cdohert4/Experimental Data/SOX2 Interaction with S100A14 -- Test 1
# Command line:
#   gmx rmsf -s SOX2_S1_processed.gro -f SOX2_S1_centered.xtc -n index.ndx -o SOX2_S1_RMSF_AlphaFold.xvg -res
# gmx rmsf is part of G R O M A C S:
#
# Gravel Rubs Often Many Awfully Cauterized Sores
#
@    title "RMS fluctuation"
@    xaxis  label "Residue"
@    yaxis  label "(nm)"
@TYPE xy
    1   0.0327
    2   0.0326
    3   0.0283
    4   0.0288
    5   0.0233
    6   0.0235
    7   0.0252
    8   0.0330
    9   0.0241
   10   0.0272
   11   0.0259
   12   0.0235
   13   0.0277
   14   0.0200
   15   0.0247
   16   0.0284
   17   0.0281
   18   0.0290
   19   0.0341
   20   0.0313
   21   0.0311
   22   0.0322
   23   0.0335
   24   0.0356
   25   0.0355
   26   0.0414
   27   0.0421
   28   0.0408
   29   0.0415
   30   0.0515
   31   0.0462
   32   0.0342
   33   0.0361
   34   0.0310
   35   0.0294
   36   0.0390
   37   0.0344
   38   0.0313
   39   0.0287
   40   0.0370
   41   0.0296
   42   0.0292
   43   0.0309
   44   0.0285
   45   0.0305
   46   0.0282
   47   0.0362
   48   0.0368
   49   0.0216
   50   0.0244
   51   0.0278
   52   0.0269
   53   0.0323
   54   0.0289
   55   0.0292
   56   0.0338
   57   0.0334
   58   0.0300
   59   0.0396
   60   0.0401
   61   0.0291
   62   0.0247
   63   0.0209
   64   0.0247
   65   0.0304
   66   0.0301
   67   0.0218
   68   0.0194
   69   0.0182
   70   0.0201
   71   0.0276
   72   0.0275
   73   0.0274
   74   0.0340
   75   0.0280
   76   0.0223
   77   0.0300
   78   0.0349
   79   0.0296
   80   0.0308
   81   0.0405
   82   0.0415
   83   0.0359
   84   0.0361
   85   0.0328
   86   0.0309
   87   0.0282
   88   0.0266
   89   0.0318
   90   0.0256
   91   0.0265
   92   0.0285
   93   0.0247
   94   0.0253
   95   0.0326
   96   0.0337
   97   0.0208
   98   0.0244
   99   0.0313
  100   0.0284
  101   0.0340
  102   0.0290
  103   0.0289
  104   0.0391
  105   0.0313
  106   0.0339
  107   0.0330
  108   0.0368
  109   0.0359
  110   0.0433
  111   0.0370
  112   0.0368
  113   0.0273
  114   0.0339
  115   0.0318
  116   0.0264
  117   0.0276
  118   0.0232
  119   0.0188
  120   0.0197
  121   0.0226
  122   0.0263
  123   0.0236
  124   0.0267
  125   0.0333
  126   0.0418
  127   0.0293
  128   0.0249
  129   0.0203
  130   0.0271
  131   0.0278
  132   0.0285
  133   0.0325
  134   0.0285
  135   0.0298
  136   0.0323
  137   0.0344
  138   0.0351
  139   0.0377
  140   0.0388
  141   0.0386
  142   0.0392
