@    title "RMS fluctuation"
@    xaxis  label "Residue"
@    yaxis  label "(nm)"
@TYPE xy
    1   0.0072
    2   0.0072
    3   0.0072
    4   0.0076
    5   0.0089
    6   0.0084
    7   0.0093
    8   0.0080
    9   0.0105
   10   0.0089
   11   0.0071
   12   0.0067
   13   0.0067
   14   0.0094
   15   0.0189
   16   0.0085
   17   0.0100
   18   0.0087
   19   0.0083
   20   0.0091
   21   0.0073
   22   0.0073
   23   0.0083
   24   0.0085
   25   0.0078
   26   0.0084
   27   0.0083
   28   0.0082
   29   0.0085
   30   0.0109
   31   0.0089
   32   0.0081
   33   0.0078
   34   0.0070
   35   0.0077
   36   0.0083
   37   0.0083
   38   0.0087
   39   0.0089
   40   0.0109
   41   0.0093
   42   0.0085
   43   0.0079
   44   0.0083
   45   0.0092
   46   0.0099
   47   0.0089
   48   0.0080
   49   0.0075
   50   0.0076
   51   0.0079
   52   0.0071
   53   0.0069
   54   0.0089
   55   0.0086
   56   0.0089
   57   0.0083
   58   0.0077
   59   0.0077
   60   0.0079
   61   0.0079
   62   0.0080
   63   0.0082
   64   0.0088
   65   0.0092
   66   0.0089
   67   0.0090
   68   0.0091
   69   0.0088
   70   0.0079
   71   0.0076
   72   0.0070
   73   0.0080
   74   0.0105
   75   0.0106
   76   0.0089
   77   0.0087
   78   0.0081
   79   0.0073
   80   0.0072
   81   0.0074
   82   0.0081
   83   0.0078
   84   0.0090
   85   0.0098
   86   0.0095
   87   0.0089
   88   0.0092
   89   0.0087
   90   0.0091
   91   0.0100
   92   0.0088
   93   0.0120
   94   0.0098
   95   0.0089
   96   0.0083
   97   0.0075
   98   0.0073
   99   0.0077
  100   0.0069
  101   0.0079
  102   0.0081
  103   0.0092
  104   0.0100
  105   0.0092
  106   0.0077
  107   0.0080
  108   0.0078
  109   0.0108
  110   0.0097
  111   0.0069
  112   0.0088
  113   0.0087
  114   0.0076
  115   0.0073
  116   0.0076
  117   0.0084
  118   0.0099
  119   0.0096
  120   0.0081
  121   0.0078
  122   0.0076
  123   0.0073
  124   0.0093
  125   0.0091
  126   0.0102
  127   0.0123
  128   0.0092
  129   0.0094
  130   0.0081
  131   0.0078
  132   0.0076
  133   0.0072
  134   0.0070
  135   0.0078
  136   0.0084
  137   0.0080
  138   0.0084
  139   0.0087
  140   0.0087
  141   0.0086
  142   0.0089
  143   0.0088
  144   0.0093
  145   0.0109
  146   0.0106
  147   0.0104
  148   0.0099
  149   0.0097
  150   0.0096
  151   0.0091
  152   0.0075
  153   0.0075
  154   0.0075
  155   0.0090
  156   0.0095
  157   0.0080
  158   0.0077
  159   0.0072
  160   0.0081
  161   0.0081
  162   0.0067
  163   0.0073
  164   0.0065
  165   0.0072
  166   0.0080
  167   0.0090
  168   0.0079
  169   0.0082
  170   0.0075
  171   0.0069
  172   0.0072
  173   0.0075
  174   0.0083
  175   0.0079
  176   0.0090
  177   0.0085
  178   0.0079
  179   0.0068
  180   0.0074
  181   0.0080
  182   0.0081
  183   0.0104
  184   0.0116
  185   0.0101
  186   0.0108
  187   0.0127
  188   0.0132
  189   0.0176
  190   0.0112
  191   0.0108
  192   0.0113
  193   0.0088
  194   0.0092
  195   0.0101
  196   0.0079
  197   0.0070
  198   0.0086
  199   0.0070
  200   0.0071
  201   0.0070
  202   0.0078
  203   0.0082
  204   0.0089
  205   0.0083
  206   0.0093
  207   0.0092
  208   0.0079
  209   0.0083
  210   0.0106
  211   0.0102
  212   0.0098
  213   0.0094
  214   0.0081
  215   0.0092
  216   0.0083
  217   0.0081
  218   0.0080
  219   0.0090
  220   0.0087
  221   0.0074
  222   0.0080
  223   0.0081
  224   0.0082
  225   0.0077
  226   0.0082
  227   0.0075
  228   0.0077
  229   0.0085
  230   0.0090
  231   0.0078
  232   0.0065
  233   0.0072
  234   0.0080
  235   0.0082
  236   0.0085
  237   0.0077
  238   0.0075
  239   0.0083
  240   0.0084
  241   0.0092
  242   0.0099
  243   0.0088
  244   0.0095
  245   0.0085
  246   0.0087
  247   0.0091
  248   0.0114
  249   0.0096
  250   0.0095
  251   0.0096
  252   0.0108
  253   0.0087
  254   0.0078
  255   0.0075
  256   0.0076
  257   0.0071
  258   0.0072
  259   0.0079
  260   0.0071
  261   0.0069
  262   0.0072
  263   0.0068
  264   0.0062
  265   0.0064
  266   0.0078
  267   0.0077
  268   0.0074
  269   0.0124
  270   0.0125
  271   0.0179
  272   0.0088
  273   0.0072
  274   0.0068
  275   0.0086
  276   0.0095
  277   0.0074
  278   0.0083
  279   0.0066
  280   0.0076
  281   0.0067
  282   0.0061
  283   0.0069
  284   0.0066
  285   0.0069
  286   0.0067
  287   0.0070
  288   0.0071
  289   0.0072
  290   0.0073
  291   0.0075
  292   0.0084
  293   0.0152
  294   0.0083
  295   0.0080
  296   0.0081
  297   0.0110
  298   0.0178
  299   0.0080
  300   0.0091
  301   0.0096
  302   0.0093
  303   0.0088
  304   0.0098
  305   0.0079
  306   0.0076
  307   0.0085
  308   0.0096
  309   0.0086
  310   0.0091
  311   0.0082
  312   0.0130
  313   0.0107
  314   0.0078
  315   0.0077
  316   0.0075
  317   0.0094
  318   0.0088
  319   0.0091
  320   0.0083
  321   0.0077
  322   0.0072
  323   0.0080
  324   0.0084
  325   0.0084
  326   0.0106
  327   0.0097
  328   0.0090
  329   0.0096
  330   0.0103
  331   0.0120
  332   0.0111
  333   0.0107
  334   0.0106
  335   0.0104
  336   0.0106
  337   0.0100
  338   0.0108
  339   0.0111
  340   0.0121
  341   0.0111
  342   0.0120
  343   0.0119
  344   0.0124
  345   0.0119
  346   0.0124
  347   0.0115
  348   0.0126
  349   0.0114
  350   0.0118
  351   0.0119
  352   0.0119
  353   0.0107
  354   0.0123
