@    title "RMS fluctuation"
@    xaxis  label "Residue"
@    yaxis  label "(nm)"
@TYPE xy
    1   0.0509
    2   0.0333
    3   0.0329
    4   0.0271
    5   0.0297
    6   0.0362
    7   0.0346
    8   0.0349
    9   0.0314
   10   0.0373
   11   0.0418
   12   0.0395
   13   0.0397
   14   0.0395
   15   0.0368
   16   0.0360
   17   0.0429
   18   0.0429
   19   0.0409
   20   0.0395
   21   0.0375
   22   0.0390
   23   0.0419
   24   0.0369
   25   0.0431
   26   0.0444
   27   0.0405
   28   0.0498
   29   0.0416
   30   0.0391
   31   0.0382
   32   0.0360
   33   0.0433
   34   0.0364
   35   0.0393
   36   0.0346
   37   0.0363
   38   0.0388
   39   0.0433
   40   0.0369
   41   0.0347
   42   0.0417
   43   0.0441
   44   0.0391
   45   0.0366
   46   0.0377
   47   0.0457
   48   0.0376
   49   0.0366
   50   0.0409
   51   0.0439
   52   0.0407
   53   0.0442
   54   0.0485
   55   0.0459
   56   0.0431
   57   0.0397
   58   0.0365
   59   0.0406
   60   0.0405
   61   0.0382
   62   0.0484
   63   0.0380
   64   0.0347
   65   0.0327
   66   0.0342
   67   0.0279
   68   0.0309
   69   0.0304
   70   0.0384
   71   0.0330
   72   0.0366
   73   0.0519
   74   0.0377
   75   0.0290
   76   0.0342
   77   0.0359
   78   0.0236
   79   0.0273
   80   0.0356
   81   0.0347
   82   0.0388
   83   0.0469
   84   0.0418
