@    title "RMS fluctuation"
@    xaxis  label "Residue"
@    yaxis  label "(nm)"
@TYPE xy
    1   0.0105
    2   0.0126
    3   0.0112
    4   0.0162
    5   0.0101
    6   0.0140
    7   0.0087
    8   0.0075
    9   0.0084
   10   0.0096
   11   0.0075
   12   0.0091
   13   0.0077
   14   0.0098
   15   0.0102
   16   0.0082
   17   0.0093
   18   0.0089
   19   0.0101
   20   0.0102
   21   0.0102
   22   0.0114
   23   0.0092
   24   0.0100
   25   0.0103
   26   0.0114
   27   0.0132
   28   0.0136
   29   0.0128
   30   0.0159
   31   0.0153
   32   0.0135
   33   0.0140
   34   0.0146
   35   0.0115
   36   0.0090
   37   0.0084
   38   0.0096
   39   0.0087
   40   0.0093
   41   0.0126
   42   0.0105
   43   0.0109
   44   0.0117
   45   0.0137
   46   0.0128
   47   0.0097
   48   0.0136
   49   0.0115
   50   0.0094
   51   0.0085
   52   0.0083
   53   0.0095
   54   0.0074
   55   0.0072
   56   0.0077
   57   0.0086
   58   0.0091
   59   0.0109
   60   0.0116
   61   0.0110
   62   0.0101
   63   0.0119
   64   0.0103
   65   0.0103
   66   0.0112
   67   0.0102
   68   0.0108
   69   0.0157
   70   0.0134
   71   0.0154
   72   0.0167
   73   0.0146
   74   0.0125
   75   0.0113
   76   0.0132
   77   0.0119
   78   0.0091
   79   0.0099
   80   0.0116
   81   0.0114
   82   0.0103
   83   0.0108
   84   0.0089