@    title "RMS fluctuation"
@    xaxis  label "Residue"
@    yaxis  label "(nm)"
@TYPE xy
    1   0.0163
    2   0.0111
    3   0.0101
    4   0.0111
    5   0.0118
    6   0.0080
    7   0.0094
    8   0.0086
    9   0.0072
   10   0.0080
   11   0.0077
   12   0.0080
   13   0.0116
   14   0.0099
   15   0.0113
   16   0.0103
   17   0.0112
   18   0.0225
   19   0.0193
   20   0.0087
   21   0.0110
   22   0.0126
   23   0.0080
   24   0.0077
   25   0.0080
   26   0.0093
   27   0.0091
   28   0.0092
   29   0.0102
   30   0.0090
   31   0.0089
   32   0.0093
   33   0.0142
   34   0.0097
   35   0.0073
   36   0.0070
   37   0.0080
   38   0.0086
   39   0.0093
   40   0.0092
   41   0.0097
   42   0.0126
   43   0.0154
   44   0.0093
   45   0.0094
   46   0.0106
   47   0.0165
   48   0.0107
   49   0.0080
   50   0.0088
   51   0.0074
   52   0.0085
   53   0.0110
   54   0.0088
   55   0.0078
   56   0.0082
   57   0.0079
   58   0.0079
   59   0.0091
   60   0.0083
   61   0.0082
   62   0.0087
   63   0.0083
   64   0.0081
   65   0.0087
   66   0.0101
   67   0.0099
   68   0.0100
   69   0.0088
   70   0.0072
   71   0.0124
   72   0.0093
   73   0.0092
   74   0.0091
   75   0.0086
   76   0.0088
   77   0.0076
   78   0.0091
   79   0.0082
   80   0.0087
   81   0.0090
   82   0.0101
   83   0.0081
   84   0.0080
   85   0.0083
   86   0.0095
   87   0.0092
   88   0.0082
   89   0.0072
   90   0.0080
   91   0.0088
   92   0.0086
   93   0.0082
   94   0.0075
   95   0.0068
   96   0.0079
   97   0.0068
   98   0.0081
   99   0.0080
  100   0.0115
  101   0.0096
  102   0.0076
  103   0.0086
  104   0.0087
  105   0.0087
  106   0.0090
  107   0.0076
  108   0.0082
  109   0.0080
  110   0.0097
  111   0.0099
  112   0.0128
  113   0.0084
  114   0.0091
  115   0.0091
  116   0.0085
  117   0.0079
  118   0.0089
  119   0.0070
  120   0.0098
  121   0.0089
  122   0.0074
  123   0.0083
  124   0.0076
  125   0.0087
  126   0.0108
  127   0.0095
  128   0.0112
  129   0.0264
  130   0.0168
  131   0.0104
  132   0.0079
  133   0.0074
  134   0.0069
  135   0.0067
  136   0.0070
  137   0.0079
  138   0.0089
  139   0.0087
  140   0.0082
  141   0.0090
  142   0.0080
  143   0.0082
  144   0.0087
  145   0.0087
  146   0.0073
  147   0.0091
  148   0.0081
  149   0.0096
  150   0.0094
  151   0.0089
  152   0.0096
  153   0.0132
  154   0.0153
  155   0.0114
  156   0.0097
  157   0.0106
  158   0.0105
  159   0.0104
  160   0.0089
  161   0.0089
  162   0.0097
  163   0.0095
  164   0.0093
  165   0.0094
  166   0.0090
  167   0.0085
  168   0.0084
  169   0.0108
  170   0.0081
  171   0.0090
  172   0.0087
  173   0.0091
  174   0.0083
  175   0.0093
  176   0.0093
  177   0.0100
  178   0.0093
  179   0.0125
  180   0.0089
  181   0.0080
  182   0.0081
  183   0.0085
  184   0.0090
  185   0.0094
  186   0.0086
  187   0.0085
  188   0.0089
  189   0.0104
  190   0.0078
  191   0.0092
  192   0.0085
  193   0.0097
  194   0.0100
  195   0.0093
  196   0.0090
  197   0.0085
  198   0.0085
  199   0.0090
  200   0.0087
  201   0.0090
  202   0.0088
  203   0.0095
  204   0.0098
  205   0.0095
  206   0.0103
  207   0.0087
  208   0.0092
  209   0.0108
  210   0.0090
  211   0.0093
  212   0.0094
  213   0.0093
  214   0.0086
  215   0.0085
  216   0.0095
  217   0.0083
  218   0.0080
  219   0.0094
  220   0.0107
  221   0.0097
  222   0.0097
  223   0.0107
  224   0.0102
  225   0.0097
  226   0.0091
  227   0.0084
  228   0.0094
  229   0.0096
  230   0.0112
  231   0.0101
  232   0.0094
  233   0.0097
  234   0.0110
  235   0.0089
  236   0.0079
  237   0.0077
  238   0.0099
  239   0.0079
  240   0.0083
  241   0.0086
  242   0.0092
  243   0.0091
  244   0.0139
  245   0.0117
  246   0.0092
  247   0.0095
  248   0.0098
  249   0.0092
  250   0.0074
  251   0.0083
  252   0.0083
  253   0.0077
  254   0.0079
  255   0.0077
  256   0.0084
  257   0.0072
  258   0.0074
  259   0.0071
  260   0.0071
  261   0.0087
  262   0.0099
  263   0.0090
  264   0.0083
  265   0.0105
  266   0.0088
  267   0.0125
  268   0.0093
  269   0.0081
  270   0.0082
  271   0.0093
  272   0.0091
  273   0.0095
  274   0.0086
  275   0.0133
  276   0.0094
  277   0.0101
  278   0.0085
  279   0.0073
  280   0.0074
  281   0.0092
  282   0.0102
  283   0.0123
  284   0.0095
  285   0.0096
  286   0.0193
  287   0.0169
  288   0.0175
  289   0.0174
  290   0.0097
  291   0.0104
  292   0.0164
  293   0.0108
  294   0.0089
  295   0.0104
  296   0.0089
  297   0.0084
  298   0.0097
  299   0.0100
  300   0.0091
  301   0.0096
  302   0.0109
  303   0.0127
  304   0.0115
  305   0.0123
  306   0.0116
  307   0.0113
  308   0.0095
  309   0.0086
  310   0.0093
  311   0.0089
  312   0.0113
  313   0.0101
  314   0.0093
  315   0.0100
  316   0.0097
  317   0.0114
  318   0.0133
  319   0.0181
  320   0.0113
  321   0.0089
  322   0.0083
  323   0.0083
  324   0.0086
  325   0.0084
  326   0.0081
  327   0.0091
  328   0.0095
  329   0.0088
  330   0.0083
  331   0.0091
  332   0.0093
  333   0.0082
  334   0.0098
  335   0.0091
  336   0.0098
  337   0.0106
  338   0.0099
  339   0.0101
  340   0.0100
  341   0.0104
  342   0.0111
  343   0.0108
  344   0.0100
  345   0.0101
  346   0.0109
  347   0.0111
  348   0.0108
  349   0.0106
  350   0.0112
  351   0.0115
  352   0.0127
  353   0.0133
  354   0.0128
