@    title "RMS fluctuation"
@    xaxis  label "Residue"
@    yaxis  label "(nm)"
@TYPE xy
    1   0.0356
    2   0.0283
    3   0.0371
    4   0.0362
    5   0.0319
    6   0.0328
    7   0.0338
    8   0.0382
    9   0.0384
   10   0.0357
   11   0.0346
   12   0.0318
   13   0.0408
   14   0.0383
   15   0.0294
   16   0.0300
   17   0.0309
   18   0.0287
   19   0.0248
   20   0.0225
   21   0.0222
   22   0.0196
   23   0.0232
   24   0.0203
   25   0.0170
   26   0.0187
   27   0.0278
   28   0.0254
   29   0.0255
   30   0.0244
   31   0.0230
   32   0.0275
   33   0.0276
   34   0.0274
   35   0.0222
   36   0.0301
   37   0.0273
   38   0.0278
   39   0.0308
   40   0.0311
   41   0.0337
   42   0.0331
   43   0.0318
   44   0.0308
   45   0.0354
   46   0.0341
   47   0.0363
   48   0.0450
   49   0.0430
   50   0.0425
   51   0.0434
   52   0.0463
   53   0.0511
   54   0.0499
   55   0.0515
   56   0.0528
   57   0.0492
   58   0.0478
   59   0.0469
   60   0.0435
   61   0.0434
   62   0.0425
   63   0.0390
   64   0.0410
   65   0.0415
   66   0.0426
   67   0.0327
   68   0.0384
   69   0.0358
   70   0.0337
   71   0.0320
   72   0.0306
   73   0.0314
   74   0.0359
   75   0.0346
   76   0.0314
   77   0.0393
   78   0.0296
   79   0.0363
   80   0.0194
   81   0.0186
   82   0.0279
   83   0.0361
   84   0.0265
   85   0.0305
   86   0.0319
   87   0.0300
   88   0.0219
   89   0.0224
   90   0.0308
   91   0.0288
   92   0.0232
   93   0.0258
   94   0.0278
   95   0.0254
   96   0.0235
   97   0.0380
   98   0.0221
   99   0.0240
  100   0.0215
  101   0.0212
  102   0.0177
  103   0.0222
  104   0.0235
  105   0.0263
  106   0.0358
  107   0.0344
  108   0.0242
  109   0.0281
  110   0.0290
  111   0.0304
  112   0.0270
  113   0.0281
  114   0.0311
  115   0.0353
  116   0.0350
  117   0.0317
  118   0.0332
  119   0.0382
  120   0.0328
  121   0.0257
  122   0.0301
  123   0.0274
  124   0.0275
  125   0.0497
  126   0.0424
  127   0.0382
  128   0.0327
  129   0.0285
  130   0.0236
  131   0.0246
  132   0.0203
  133   0.0391
  134   0.0259
  135   0.0306
  136   0.0202
  137   0.0245
  138   0.0275
  139   0.0377
  140   0.0328
  141   0.0309
  142   0.0362
