 2300   0.8227
 2301   0.8856
 2302   0.9891
 2303   1.1056
 2304   1.3438
 2305   1.4073
 2306   1.4254
 2307   1.4863
 2308   1.5504
 2309   1.5833
 2310   1.5210
 2311   1.4724
 2312   1.4822
 2313   1.5616
 2314   1.6814
 2315   1.4301
 2316   1.2910
 2317   1.2920
 2318   1.3304
 2319   1.2999
 2320   1.1769
 2321   1.0114
 2322   0.8290
 2323   0.6273
 2324   0.4918
 2325   0.4800
 2326   0.4546
 2327   0.3508
 2328   0.2838
 2329   0.2550
 2330   0.2678
 2331   0.2855
 2332   0.3694
 2333   0.6923
 2334   0.8358
 2335   0.9460
 2336   1.1191
 2337   1.2644
 2338   1.3608
 2339   1.4078
 2340   1.3777
 2341   1.3382
 2342   1.3091
 2343   1.2126
 2344   1.0767
 2345   1.0128
 2346   0.8997
 2347   0.7680
 2348   0.7028
 2349   0.6289
 2350   0.5878
 2351   0.5406
 2352   0.4134
 2353   0.3437
 2354   0.3250
 2355   0.3439
 2356   0.4371
 2357   0.4918
 2358   0.5195
 2359   0.6638
 2360   0.5245
 2361   0.4790
 2362   0.4302
 2363   0.3903
 2364   0.3845
 2365   0.4278
 2366   0.5041
 2367   0.5831
 2368   0.6725
 2369   0.7619
 2370   0.8205
 2371   0.9305
 2372   0.9453
 2373   1.0428
 2374   1.1591
 2375   1.2551
 2376   1.3654
 2377   1.4877
 2378   1.3390
 2379   1.1961
 2380   1.0171
 2381   0.9187
 2382   0.8093
 2383   0.7292
 2384   0.6834
 2385   0.6429
 2386   0.6069
 2387   0.6229
 2388   0.5886
 2389   0.5085
 2390   0.4375
 2391   0.3858
 2392   0.3811
 2393   0.4075
 2394   0.4295
 2395   0.4856
 2396   0.5171
 2397   0.5190
 2398   0.4971
 2399   0.4848
 2400   0.4822
 2401   0.3946
 2402   0.5110
 2403   0.5414
 2404   0.6244
 2405   0.5695
 2406   0.5098
 2407   0.5523
 2408   0.6322
 2409   0.6877
 2410   0.7709
 2411   0.8522
 2412   1.0672
 2413   1.2187
 2414   1.3309
 2415   1.4127
 2416   1.5098
 2417   1.6049
 2418   1.8627
 2419   1.8104
 2420   1.6159
 2421   1.4203
 2422   1.3409
 2423   1.1528
 2424   1.0159
 2425   0.8855
 2426   0.7494
 2427   0.6572
 2428   0.5773
 2429   0.5257
 2430   0.4908
 2431   0.4786
 2432   0.4901
 2433   0.4076
 2434   0.3080
 2435   0.2521
 2436   0.2287
 2437   0.2300
 2438   0.2539
 2439   0.2762
 2440   0.3094
 2441   0.3124
 2442   0.2809
 2443   0.2548
 2444   0.2598
 2445   0.3010
 2446   0.3635
 2447   0.4352
 2448   0.5006
 2449   0.5369
 2450   0.5672
 2451   0.5859
 2452   0.5724
 2453   0.5476
 2454   0.5204
 2455   0.4979
 2456   0.5107
 2457   0.5293
 2458   0.5627
 2459   0.6115
 2460   0.6770
 2461   0.7564
 2462   0.8438
 2463   0.9573
 2464   0.9995
 2465   1.0637
 2466   1.1187
 2467   1.1886
 2468   1.2818
 2469   1.3631
 2470   1.6192
 2471   1.5238
 2472   1.4527
 2473   1.3495
 2474   1.2075
 2475   1.0570
 2476   0.9371
 2477   0.8666
 2478   0.8009
 2479   0.7555
 2480   0.7076
 2481   0.6812
 2482   0.6463
 2483   0.6069
 2484   0.5802
 2485   0.5574
 2486   0.5367
 2487   0.5022
 2488   0.4708
 2489   0.4529
 2490   0.4558
 2491   0.4855
 2492   0.5009
 2493   0.5101
 2494   0.4515
 2495   0.3465
 2496   0.2810
 2497   0.2352
 2498   0.2246
 2499   0.2431
 2500   0.2658
 2501   0.3085
 2502   0.3245
 2503   0.3435
 2504   0.3512
 2505   0.3336
 2506   0.3031
 2507   0.2874
 2508   0.2973
 2509   0.3402
 2510   0.3910
 2511   0.4215
 2512   0.4253
