@    title "RMS fluctuation"
@    xaxis  label "Residue"
@    yaxis  label "(nm)"
@TYPE xy
    1   0.0336
    2   0.0349
    3   0.0333
    4   0.0307
    5   0.0279
    6   0.0250
    7   0.0290
    8   0.0278
    9   0.0248
   10   0.0250
   11   0.0255
   12   0.0246
   13   0.0217
   14   0.0256
   15   0.0244
   16   0.0301
   17   0.0361
   18   0.0339
   19   0.0295
   20   0.0351
   21   0.0331
   22   0.0364
   23   0.0376
   24   0.0434
   25   0.0312
   26   0.0358
   27   0.0402
   28   0.0377
   29   0.0286
   30   0.0274
   31   0.0341
   32   0.0332
   33   0.0291
   34   0.0292
   35   0.0272
   36   0.0269
   37   0.0296
   38   0.0272
   39   0.0278
   40   0.0317
   41   0.0407
   42   0.0327
   43   0.0420
   44   0.0352
   45   0.0404
   46   0.0360
   47   0.0298
   48   0.0299
   49   0.0271
   50   0.0276
   51   0.0278
   52   0.0319
   53   0.0329
   54   0.0418
   55   0.0288
   56   0.0313
   57   0.0419
   58   0.0330
   59   0.0314
   60   0.0297
   61   0.0401
   62   0.0345
   63   0.0360
   64   0.0343
   65   0.0391
   66   0.0414
   67   0.0357
   68   0.0340
   69   0.0370
   70   0.0328
   71   0.0291
   72   0.0624
   73   0.0422
   74   0.0290
   75   0.0364
   76   0.0287
   77   0.0311
   78   0.0313
   79   0.0250
   80   0.0370
   81   0.0341
   82   0.0404
   83   0.0293
   84   0.0318
