@    title "RMS fluctuation"
@    xaxis  label "Residue"
@    yaxis  label "(nm)"
@TYPE xy
    1   0.0732
    2   0.0340
    3   0.0274
    4   0.0275
    5   0.0226
    6   0.0223
    7   0.0163
    8   0.0230
    9   0.0265
   10   0.0264
   11   0.0227
   12   0.0239
   13   0.0241
   14   0.0267
   15   0.0220
   16   0.0248
   17   0.0278
   18   0.0418
   19   0.0280
   20   0.0248
   21   0.0207
   22   0.0304
   23   0.0274
   24   0.0268
   25   0.0285
   26   0.0254
   27   0.0239
   28   0.0272
   29   0.0259
   30   0.0203
   31   0.0219
   32   0.0195
   33   0.0264
   34   0.0261
   35   0.0220
   36   0.0223
   37   0.0242
   38   0.0287
   39   0.0263
   40   0.0246
   41   0.0233
   42   0.0221
   43   0.0224
   44   0.0240
   45   0.0299
   46   0.0230
   47   0.0307
   48   0.0239
   49   0.0416
   50   0.0239
   51   0.0239
   52   0.0223
   53   0.0251
   54   0.0213
   55   0.0225
   56   0.0301
   57   0.0237
   58   0.0236
   59   0.0203
   60   0.0239
   61   0.0231
   62   0.0219
   63   0.0267
   64   0.0355
   65   0.0307
   66   0.0318
   67   0.0326
   68   0.0326
   69   0.0455
   70   0.0383
   71   0.0329
   72   0.0331
   73   0.0252
   74   0.0259
   75   0.0235
   76   0.0204
   77   0.0222
   78   0.0234
   79   0.0279
   80   0.0343
   81   0.0713
   82   0.0305
   83   0.0278
   84   0.0240