@    title "RMS fluctuation"
@    xaxis  label "Residue"
@    yaxis  label "(nm)"
@TYPE xy
    1   0.0588
    2   0.0546
    3   0.0461
    4   0.0404
    5   0.0395
    6   0.0478
    7   0.0482
    8   0.0415
    9   0.0448
   10   0.0427
   11   0.0384
   12   0.0382
   13   0.0338
   14   0.0311
   15   0.0292
   16   0.0854
   17   0.0430
   18   0.0332
   19   0.0254
   20   0.0314
   21   0.0330
   22   0.0506
   23   0.0450
   24   0.0399
   25   0.0452
   26   0.0437
   27   0.0373
   28   0.0388
   29   0.0421
   30   0.0377
   31   0.0329
   32   0.0381
   33   0.0407
   34   0.0346
   35   0.0332
   36   0.0279
   37   0.0282
   38   0.0339
   39   0.0360
   40   0.0273
   41   0.0313
   42   0.0225
   43   0.0391
   44   0.0260
   45   0.0286
   46   0.0266
   47   0.0234
   48   0.0261
   49   0.0286
   50   0.0314
   51   0.0345
   52   0.0354
   53   0.0335
   54   0.0360
   55   0.0331
   56   0.0370
   57   0.0360
   58   0.0383
   59   0.0404
   60   0.0343
   61   0.0354
   62   0.0342
   63   0.0352
   64   0.0349
   65   0.0386
   66   0.0602
   67   0.0821
   68   0.0425
   69   0.0396
   70   0.0379
   71   0.0426
   72   0.0478
   73   0.0465
   74   0.0489
   75   0.0498
   76   0.0461
   77   0.0420
   78   0.0547
   79   0.0451
   80   0.0464
   81   0.0515
   82   0.0543
   83   0.0360
   84   0.0401
   85   0.0420
   86   0.0384
   87   0.0359
   88   0.0368
   89   0.0328
   90   0.0326
   91   0.0339
   92   0.0523
   93   0.0311
   94   0.0351
   95   0.0398
   96   0.0473
   97   0.0329
   98   0.0275
   99   0.0289
  100   0.0287
  101   0.0304
  102   0.0283
  103   0.0320
  104   0.0266
  105   0.0305
  106   0.0323
  107   0.0362
  108   0.0364
  109   0.0430
  110   0.0471
  111   0.0405
  112   0.0395
  113   0.0489
  114   0.0405
  115   0.0420
  116   0.0457
  117   0.0352
  118   0.0292
  119   0.0279
  120   0.0325
  121   0.0284
  122   0.0312
  123   0.0238
  124   0.0282
  125   0.0303
  126   0.0290
  127   0.0385
  128   0.0391
  129   0.0306
  130   0.0557
  131   0.0320
  132   0.0323
  133   0.0347
  134   0.0422
  135   0.0381
  136   0.0443
  137   0.0504
  138   0.0525
  139   0.0487
  140   0.0507
  141   0.0568
  142   0.0560
