# This file was created Tue Dec 30 16:43:13 2025
# Created by:
#                       :-) GROMACS - gmx rmsf, 2024.3 (-:
# 
# Executable:   /users/cdohert4/gromacs-2024.3/bin/gmx
# Data prefix:  /users/cdohert4/gromacs-2024.3
# Working dir:  /oscar/home/cdohert4/Experimental Data/SOX2 Interaction with SOX2 mRNA
# Command line:
#   gmx rmsf -s processed.gro -f centered.xtc -n index.ndx -o RMSF.xvg -res
# gmx rmsf is part of G R O M A C S:
#
# S  C  A  M  O  R  G
#
@    title "RMS fluctuation"
@    xaxis  label "Residue"
@    yaxis  label "(nm)"
@TYPE xy
    1   0.3728
    2   0.3202
    3   0.3614
    4   0.3520
    5   0.3000
    6   0.2714
    7   0.2948
    8   0.3034
    9   0.3140
   10   0.2449
   11   0.2373
   12   0.2243
   13   0.1790
   14   0.1930
   15   0.2044
   16   0.2119
   17   0.2585
   18   0.2847
   19   0.2821
   20   0.2272
   21   0.2168
   22   0.1928
   23   0.1990
   24   0.2040
   25   0.1880
   26   0.2123
   27   0.2468
   28   0.2472
   29   0.2445
   30   0.2818
   31   0.3027
   32   0.3587
   33   0.4350
   34   0.2721
   35   0.2995
   36   0.2239
   37   0.1812
   38   0.2395
   39   0.1701
   40   0.1590
   41   0.1680
   42   0.1641
   43   0.1317
   44   0.1390
   45   0.1367
   46   0.1360
   47   0.1369
   48   0.1488
   49   0.1427
   50   0.1395
   51   0.1591
   52   0.1550
   53   0.1587
   54   0.1741
   55   0.1721
   56   0.1619
   57   0.2127
   58   0.2430
   59   0.2138
   60   0.2167
   61   0.2590
   62   0.2538
   63   0.2513
   64   0.2577
   65   0.3210
   66   0.2453
   67   0.2429
   68   0.2187
   69   0.2203
   70   0.2654
   71   0.2015
   72   0.1874
   73   0.2359
   74   0.2412
   75   0.1753
   76   0.1793
   77   0.1970
   78   0.2130
   79   0.1638
   80   0.2159
   81   0.2418
   82   0.1979
   83   0.2114
   84   0.2075
   85   0.1905
   86   0.2234
   87   0.1663
   88   0.2082
   89   0.1526
   90   0.1446
   91   0.1404
   92   0.1342
   93   0.1416
   94   0.1187
   95   0.1484
   96   0.1709
   97   0.1265
   98   0.1399
   99   0.1322
  100   0.1450
  101   0.1342
  102   0.1493
  103   0.1991
  104   0.1711
  105   0.1693
  106   0.1642
  107   0.1939
  108   0.1431
  109   0.2213
  110   0.1486
  111   0.2448
  112   0.1706
  113   0.2562
  114   0.1966
  115   0.2354
  116   0.2295
  117   0.2333
  118   0.2482
  119   0.2612
  120   0.2862
  121   0.2898
  122   0.3001
  123   0.2911
  124   0.3190
  125   0.3634
  126   0.3478
  127   0.3784
  128   0.4113
  129   0.4152
  130   0.3816
  131   0.3691
  132   0.3151
  133   0.2942
  134   0.3050
  135   0.2839
  136   0.2555
  137   0.2669
  138   0.2702
  139   0.2577
  140   0.2141
  141   0.2091
  142   0.2305
  143   0.2264
  144   0.2013
  145   0.2317
  146   0.2258
  147   0.2063
  148   0.2245
  149   0.2596
  150   0.2339
  151   0.2414
  152   0.2340
  153   0.2343
  154   0.2168
  155   0.2180
  156   0.2093
  157   0.2001
  158   0.1961
  159   0.1954
  160   0.1863
  161   0.1674
  162   0.1910
  163   0.1980
  164   0.1595
  165   0.1357
  166   0.1740
  167   0.1973
  168   0.1464
  169   0.1294
  170   0.1227
  171   0.1510
  172   0.1417
  173   0.1807
  174   0.1679
  175   0.2025
  176   0.2078
  177   0.2662
  178   0.2305
  179   0.2107
  180   0.2250
  181   0.2400
  182   0.2468
  183   0.2587
  184   0.2959
  185   0.3031
  186   0.3190
  187   0.2338
  188   0.2532
  189   0.3496
  190   0.2795
  191   0.2151
  192   0.2258
  193   0.2298
  194   0.1713
  195   0.1833
  196   0.2037
  197   0.1924
  198   0.1465
  199   0.1695
  200   0.2218
  201   0.1414
  202   0.1605
  203   0.1827
  204   0.1689
  205   0.1750
  206   0.1974
  207   0.2319
  208   0.1810
  209   0.1844
  210   0.2540
  211   0.2308
  212   0.2117
  213   0.2597
  214   0.3520
  215   0.2467
  216   0.3560
  217   0.3385
  218   0.3143
  219   0.2997
  220   0.2481
  221   0.2696
  222   0.2474
  223   0.2575
  224   0.2486
  225   0.2884
  226   0.2114
  227   0.1877
  228   0.1684
  229   0.1671
  230   0.1888
  231   0.1665
  232   0.1479
  233   0.1391
  234   0.1378
  235   0.2045
  236   0.1673
  237   0.1906
  238   0.1868
  239   0.2013
  240   0.2216
  241   0.2332
  242   0.2596
  243   0.2356
  244   0.2469
  245   0.3209
  246   0.2586
  247   0.2785
  248   0.2394
  249   0.2971
  250   0.2568
  251   0.2208
  252   0.2244
  253   0.2399
  254   0.2250
  255   0.2007
  256   0.2224
  257   0.2255
  258   0.1934
  259   0.2071
  260   0.1809
  261   0.1765
  262   0.1837
  263   0.1827
  264   0.2013
  265   0.1743
  266   0.1464
  267   0.1564
  268   0.1523
  269   0.1442
  270   0.1406
  271   0.1654
  272   0.1700
  273   0.1552
  274   0.1385
  275   0.1428
  276   0.1719
  277   0.1635
  278   0.1585
  279   0.1831
  280   0.1975
  281   0.2049
  282   0.1785
  283   0.2416
  284   0.3072
  285   0.4720
  286   0.3724
  287   0.3853
  288   0.2271
  289   0.2225
  290   0.1995
  291   0.1544
  292   0.1870
  293   0.1980
  294   0.1767
  295   0.1504
  296   0.2324
  297   0.1794
  298   0.1917
  299   0.2388
  300   0.2392
  301   0.1692
  302   0.1854
  303   0.2405
  304   0.1981
  305   0.1833
  306   0.2342
  307   0.2485
  308   0.2592
  309   0.2376
  310   0.2504
  311   0.2137
  312   0.1878
  313   0.1449
  314   0.1501
  315   0.1407
  316   0.1536
  317   0.1634
