@    title "RMS fluctuation"
@    xaxis  label "Residue"
@    yaxis  label "(nm)"
@TYPE xy
    1   0.0492
    2   0.0460
    3   0.0439
    4   0.0465
    5   0.0405
    6   0.0467
    7   0.0488
    8   0.0484
    9   0.0480
   10   0.0433
   11   0.0498
   12   0.0474
   13   0.0490
   14   0.0570
   15   0.0499
   16   0.0483
   17   0.0482
   18   0.0513
   19   0.0498
   20   0.0530
   21   0.0495
   22   0.0565
   23   0.0498
   24   0.0465
   25   0.0455
   26   0.0516
   27   0.0539
   28   0.0531
   29   0.0470
   30   0.0490
   31   0.0513
   32   0.0463
   33   0.0451
   34   0.0478
   35   0.0493
   36   0.0515
   37   0.0498
   38   0.0477
   39   0.0483
   40   0.0502
   41   0.0460
   42   0.0415
   43   0.0429
   44   0.0454
   45   0.0616
   46   0.0478
   47   0.0465
   48   0.0468
   49   0.0485
   50   0.0453
   51   0.0437
   52   0.0441
   53   0.0404
   54   0.0434
   55   0.0488
   56   0.0480
   57   0.0420
   58   0.0449
   59   0.0450
   60   0.0472
   61   0.0466
   62   0.0409
   63   0.0468
   64   0.0495
   65   0.0463
   66   0.0407
   67   0.0413
   68   0.0481
   69   0.0374
   70   0.0429
   71   0.0412
   72   0.0492
   73   0.0435
   74   0.0363
   75   0.0506
   76   0.0452
   77   0.0431
   78   0.0361
   79   0.0356
   80   0.0406
   81   0.0580
   82   0.0362
   83   0.0395
   84   0.0433