@    title "RMS fluctuation"
@    xaxis  label "Residue"
@    yaxis  label "(nm)"
@TYPE xy
    1   0.0555
    2   0.0542
    3   0.0489
    4   0.0494
    5   0.0472
    6   0.0504
    7   0.0506
    8   0.0540
    9   0.0478
   10   0.0493
   11   0.0506
   12   0.0423
   13   0.0450
   14   0.0499
   15   0.0431
   16   0.0481
   17   0.0477
   18   0.0523
   19   0.0494
   20   0.0484
   21   0.0549
   22   0.0578
   23   0.0599
   24   0.0522
   25   0.0567
   26   0.0592
   27   0.0473
   28   0.0455
   29   0.0450
   30   0.0473
   31   0.0420
   32   0.0430
   33   0.0471
   34   0.0480
   35   0.0437
   36   0.0431
   37   0.0428
   38   0.0493
   39   0.0495
   40   0.0453
   41   0.0485
   42   0.0486
   43   0.0464
   44   0.0483
   45   0.0530
   46   0.0510
   47   0.0494
   48   0.0484
   49   0.0471
   50   0.0501
   51   0.0512
   52   0.0581
   53   0.0597
   54   0.0640
   55   0.0631
   56   0.0604
   57   0.0667
   58   0.0575
   59   0.0515
   60   0.0558
   61   0.0593
   62   0.0543
   63   0.0675
   64   0.0637
   65   0.0663
   66   0.0573
   67   0.0565
   68   0.0572
   69   0.0544
   70   0.0544
   71   0.0548
   72   0.0591
   73   0.0546
   74   0.0523
   75   0.0456
   76   0.0447
   77   0.0506
   78   0.0514
   79   0.0450
   80   0.0442
   81   0.0485
   82   0.0566
   83   0.0490
   84   0.0480