@    title "RMS fluctuation"
@    xaxis  label "Residue"
@    yaxis  label "(nm)"
@TYPE xy
    1   0.0366
    2   0.0263
    3   0.0226
    4   0.0214
    5   0.0193
    6   0.0225
    7   0.0282
    8   0.0225
    9   0.0319
   10   0.0308
   11   0.0325
   12   0.0286
   13   0.0307
   14   0.0380
   15   0.0373
   16   0.0370
   17   0.0328
   18   0.0378
   19   0.0372
   20   0.0329
   21   0.0324
   22   0.0326
   23   0.0370
   24   0.0349
   25   0.0366
   26   0.0384
   27   0.0484
   28   0.0460
   29   0.0425
   30   0.0473
   31   0.0451
   32   0.0415
   33   0.0392
   34   0.0393
   35   0.0372
   36   0.0420
   37   0.0388
   38   0.0390
   39   0.0338
   40   0.0320
   41   0.0403
   42   0.0367
   43   0.0338
   44   0.0308
   45   0.0293
   46   0.0331
   47   0.0349
   48   0.0329
   49   0.0289
   50   0.0353
   51   0.0416
   52   0.0350
   53   0.0656
   54   0.0929
   55   0.0407
   56   0.0501
   57   0.0317
   58   0.0306
   59   0.0309
   60   0.0358
   61   0.0430
   62   0.0406
   63   0.0316
   64   0.0453
   65   0.0456
   66   0.0410
   67   0.0465
   68   0.0303
   69   0.0251
   70   0.0481
   71   0.0425
   72   0.0285
   73   0.0309
   74   0.0251
   75   0.0270
   76   0.0203
   77   0.0249
   78   0.0320
   79   0.0277
   80   0.0270
   81   0.0323
   82   0.0300
   83   0.0310
   84   0.0378
   85   0.0321
   86   0.0342
   87   0.0342
   88   0.0355
   89   0.0356
   90   0.0376
   91   0.0470
   92   0.0483
   93   0.0393
   94   0.0420
   95   0.0424
   96   0.0452
   97   0.0484
   98   0.0494
   99   0.0454
  100   0.0479
  101   0.0511
  102   0.0509
  103   0.0528
  104   0.0638
  105   0.0537
  106   0.0534
  107   0.0509
  108   0.0502
  109   0.0491
  110   0.0467
  111   0.0457
  112   0.0441
  113   0.0429
  114   0.0420
  115   0.0410
  116   0.0431
  117   0.0421
  118   0.0425
  119   0.0392
  120   0.0365
  121   0.0331
  122   0.0316
  123   0.0343
  124   0.0323
  125   0.0320
  126   0.0342
  127   0.0403
  128   0.0370
  129   0.0306
  130   0.0340
  131   0.0297
  132   0.0284
  133   0.0260
  134   0.0290
  135   0.0274
  136   0.0225
  137   0.0276
  138   0.0336
  139   0.0356
  140   0.0263
  141   0.0210
  142   0.0221
  143   0.0213
  144   0.0241
  145   0.0265
  146   0.0291
  147   0.0244
  148   0.0318
  149   0.0266
  150   0.0277
  151   0.0279
  152   0.0336
  153   0.0329
  154   0.0459
  155   0.0337
  156   0.0363
  157   0.0388
  158   0.0399
  159   0.0316
  160   0.0319
  161   0.0281
  162   0.0325
  163   0.0364
  164   0.0410
  165   0.0403
  166   0.0440
  167   0.0411
  168   0.0463
  169   0.0522
  170   0.0467
  171   0.0514
  172   0.0483
  173   0.0482
  174   0.0481
  175   0.0463
  176   0.0505
  177   0.0495
  178   0.0519
  179   0.0518
  180   0.0561
  181   0.0571
  182   0.0545
  183   0.0561
  184   0.0582
  185   0.0586
  186   0.0565
  187   0.0604
  188   0.0622
  189   0.0620
  190   0.0605
  191   0.0591
  192   0.0519
  193   0.0604
  194   0.0558
  195   0.0535
  196   0.0547
  197   0.0522
  198   0.0514
  199   0.0506
  200   0.0495
  201   0.0475
  202   0.0528
  203   0.0498
  204   0.0523
  205   0.0531
  206   0.0514
  207   0.0536
  208   0.0545
  209   0.0540
  210   0.0566
  211   0.0547
  212   0.0512
  213   0.0524
  214   0.0521
  215   0.0530
  216   0.0446
  217   0.0468
  218   0.0498
  219   0.0463
  220   0.0480
  221   0.0469
  222   0.0505
  223   0.0489
  224   0.0447
  225   0.0428
  226   0.0410
  227   0.0457
  228   0.0383
  229   0.0388
  230   0.0397
  231   0.0370
  232   0.0343
  233   0.0353
  234   0.0325
  235   0.0292
  236   0.0302
  237   0.0361
  238   0.0293
  239   0.0405
  240   0.0470
  241   0.0501
  242   0.0543
  243   0.0443
  244   0.0361
  245   0.0347
  246   0.0267
  247   0.0277
  248   0.0352
  249   0.0445
  250   0.0473
  251   0.0481
  252   0.0522
  253   0.0482
  254   0.0453
  255   0.0427
  256   0.0411
  257   0.0454
  258   0.0474
  259   0.0489
  260   0.0513
  261   0.0492
  262   0.0479
  263   0.0466
  264   0.0462
  265   0.0430
  266   0.0390
  267   0.0423
  268   0.0570
  269   0.0669
  270   0.0501
  271   0.0467
  272   0.0504
  273   0.0480
  274   0.0428
  275   0.0381
  276   0.0355
  277   0.0339
  278   0.0377
  279   0.0251
  280   0.0297
  281   0.0336
  282   0.0292
  283   0.0299
  284   0.0345
  285   0.0340
  286   0.0304
  287   0.0395
  288   0.0302
  289   0.0286
  290   0.0315
  291   0.0330
  292   0.0255
  293   0.0313
  294   0.0307
  295   0.0306
  296   0.0354
  297   0.0368
  298   0.0294
  299   0.0287
  300   0.0332
  301   0.0356
  302   0.0351
  303   0.0379
  304   0.0424
  305   0.0329
  306   0.0284
  307   0.0307
  308   0.0318
  309   0.0322
  310   0.0484
  311   0.0335
  312   0.0438
  313   0.0309
  314   0.0231
  315   0.0235
  316   0.0237
  317   0.0225
  318   0.0218
  319   0.0228
  320   0.0264
  321   0.0286
  322   0.0287
  323   0.0377
  324   0.0311
  325   0.0295
  326   0.0410
  327   0.0492
  328   0.0395
  329   0.0326
  330   0.0384
  331   0.0296
  332   0.0353
  333   0.0263
  334   0.0291
  335   0.0344
  336   0.0312
  337   0.0342
  338   0.0356
  339   0.0345
  340   0.0334
  341   0.0353
  342   0.0380
  343   0.0384
  344   0.0441
  345   0.0402
  346   0.0401
  347   0.0410
  348   0.0425
  349   0.0483
  350   0.0465
  351   0.0487
  352   0.0539
  353   0.0510
  354   0.0514
