@    title "RMS fluctuation"
@    xaxis  label "Residue"
@    yaxis  label "(nm)"
@TYPE xy
    1   0.0370
    2   0.0330
    3   0.0276
    4   0.0324
    5   0.0286
    6   0.0284
    7   0.0354
    8   0.0434
    9   0.0430
   10   0.0358
   11   0.0331
   12   0.0295
   13   0.0327
   14   0.0347
   15   0.0357
   16   0.0325
   17   0.0388
   18   0.0444
   19   0.0374
   20   0.0491
   21   0.0435
   22   0.0440
   23   0.0444
   24   0.0461
   25   0.0446
   26   0.0481
   27   0.0492
   28   0.0514
   29   0.0508
   30   0.0497
   31   0.0538
   32   0.0522
   33   0.0406
   34   0.0538
   35   0.0515
   36   0.0581
   37   0.0593
   38   0.0616
   39   0.0609
   40   0.0559
   41   0.0585
   42   0.0651
   43   0.0674
   44   0.0654
   45   0.0671
   46   0.0644
   47   0.0699
   48   0.0692
   49   0.0666
   50   0.0672
   51   0.0572
   52   0.0603
   53   0.0669
   54   0.0716
   55   0.0682
   56   0.0702
   57   0.0740
   58   0.0744
   59   0.0690
   60   0.0673
   61   0.0648
   62   0.0677
   63   0.0709
   64   0.0724
   65   0.0745
   66   0.0750
   67   0.0712
   68   0.0719
   69   0.0723
   70   0.0700
   71   0.0640
   72   0.0622
   73   0.0618
   74   0.0660
   75   0.0678
   76   0.0708
   77   0.0746
   78   0.0698
   79   0.0750
   80   0.0688
   81   0.0687
   82   0.0728
   83   0.0576
   84   0.0595
   85   0.0568
   86   0.0579
   87   0.0583
   88   0.0583
   89   0.0580
   90   0.0515
   91   0.0511
   92   0.0441
   93   0.0464
   94   0.0482
   95   0.0525
   96   0.0602
   97   0.0627
   98   0.0653
   99   0.0696
  100   0.0740
  101   0.0731
  102   0.0725
  103   0.0705
  104   0.0772
  105   0.0710
  106   0.0877
  107   0.0729
  108   0.0733
  109   0.0671
  110   0.0631
  111   0.0663
  112   0.0641
  113   0.0652
  114   0.0610
  115   0.0525
  116   0.0521
  117   0.0567
  118   0.0489
  119   0.0442
  120   0.0461
  121   0.0471
  122   0.0465
  123   0.0442
  124   0.0402
  125   0.0414
  126   0.0424
  127   0.0343
  128   0.0457
  129   0.0372
  130   0.0409
  131   0.0362
  132   0.0346
  133   0.0311
  134   0.0259
  135   0.0239
  136   0.0324
  137   0.0288
  138   0.0296
  139   0.0250
  140   0.0307
  141   0.0325
  142   0.0312
  143   0.0435
  144   0.0366
  145   0.0313
  146   0.0260
  147   0.0353
  148   0.0289
  149   0.0316
  150   0.0410
  151   0.0430
  152   0.0366
  153   0.0356
  154   0.0434
  155   0.0431
  156   0.0418
  157   0.0430
  158   0.0521
  159   0.0497
  160   0.0424
  161   0.0361
  162   0.0391
  163   0.0437
  164   0.0493
  165   0.0479
  166   0.0492
  167   0.0548
  168   0.0581
  169   0.0515
  170   0.0555
  171   0.0518
  172   0.0574
  173   0.0528
  174   0.0528
  175   0.0600
  176   0.0642
  177   0.0661
  178   0.0662
  179   0.0641
  180   0.0674
  181   0.0726
  182   0.0741
  183   0.0782
  184   0.0793
  185   0.0817
  186   0.0893
  187   0.0861
  188   0.0861
  189   0.0809
  190   0.0797
  191   0.0786
  192   0.0745
  193   0.0741
  194   0.0705
  195   0.0710
  196   0.0693
  197   0.0634
  198   0.0617
  199   0.0659
  200   0.0632
  201   0.0631
  202   0.0638
  203   0.0599
  204   0.0579
  205   0.0601
  206   0.0623
  207   0.0668
  208   0.0680
  209   0.0745
  210   0.0713
  211   0.0685
  212   0.0690
  213   0.0715
  214   0.0677
  215   0.0709
  216   0.0633
  217   0.0589
  218   0.0604
  219   0.0582
  220   0.0519
  221   0.0507
  222   0.0510
  223   0.0527
  224   0.0528
  225   0.0431
  226   0.0477
  227   0.0495
  228   0.0539
  229   0.0427
  230   0.0483
  231   0.0521
  232   0.0495
  233   0.0454
  234   0.0420
  235   0.0406
  236   0.0451
  237   0.0450
  238   0.0463
  239   0.0461
  240   0.0425
  241   0.0501
  242   0.0403
  243   0.0441
  244   0.0419
  245   0.0402
  246   0.0409
  247   0.0424
  248   0.0374
  249   0.0434
  250   0.0390
  251   0.0422
  252   0.0392
  253   0.0367
  254   0.0394
  255   0.0427
  256   0.0528
  257   0.0507
  258   0.0466
  259   0.0479
  260   0.0510
  261   0.0459
  262   0.0467
  263   0.0531
  264   0.0488
  265   0.0488
  266   0.0528
  267   0.0546
  268   0.0544
  269   0.0602
  270   0.0633
  271   0.0612
  272   0.0732
  273   0.0698
  274   0.0679
  275   0.0644
  276   0.0558
  277   0.0535
  278   0.0503
  279   0.0488
  280   0.0472
  281   0.0514
  282   0.0517
  283   0.0507
  284   0.0517
  285   0.0468
  286   0.0458
  287   0.0501
  288   0.0477
  289   0.0457
  290   0.0460
  291   0.0510
  292   0.0433
  293   0.0323
  294   0.0282
  295   0.0277
  296   0.0254
  297   0.0297
  298   0.0320
  299   0.0274
  300   0.0271
  301   0.0254
  302   0.0325
  303   0.0295
  304   0.0362
  305   0.0478
  306   0.0438
  307   0.0321
  308   0.0327
  309   0.0290
  310   0.0347
  311   0.0294
  312   0.0401
  313   0.0579
  314   0.0350
  315   0.0361
  316   0.0282
  317   0.0301
  318   0.0319
  319   0.0277
  320   0.0312
  321   0.0326
  322   0.0414
  323   0.0397
  324   0.0438
  325   0.0493
  326   0.0370
  327   0.0413
  328   0.0453
  329   0.0439
  330   0.0459
  331   0.0505
  332   0.0544
  333   0.0568
  334   0.0607
  335   0.0519
  336   0.0565
  337   0.0563
  338   0.0544
  339   0.0480
  340   0.0428
  341   0.0470
  342   0.0435
  343   0.0405
  344   0.0358
  345   0.0415
  346   0.0363
  347   0.0362
  348   0.0343
  349   0.0399
  350   0.0388
  351   0.0300
  352   0.0313
  353   0.0298
  354   0.0385
