@    title "RMS fluctuation"
@    xaxis  label "Residue"
@    yaxis  label "(nm)"
@TYPE xy
    1   0.0091
    2   0.0069
    3   0.0067
    4   0.0066
    5   0.0074
    6   0.0091
    7   0.0080
    8   0.0081
    9   0.0091
   10   0.0106
   11   0.0083
   12   0.0083
   13   0.0078
   14   0.0068
   15   0.0071
   16   0.0073
   17   0.0062
   18   0.0071
   19   0.0074
   20   0.0084
   21   0.0066
   22   0.0068
   23   0.0067
   24   0.0066
   25   0.0071
   26   0.0079
   27   0.0072
   28   0.0068
   29   0.0074
   30   0.0063
   31   0.0071
   32   0.0062
   33   0.0062
   34   0.0076
   35   0.0067
   36   0.0079
   37   0.0080
   38   0.0080
   39   0.0076
   40   0.0095
   41   0.0112
   42   0.0111
   43   0.0126
   44   0.0114
   45   0.0114
   46   0.0122
   47   0.0126
   48   0.0109
   49   0.0109
   50   0.0102
   51   0.0094
   52   0.0101
   53   0.0094
   54   0.0078
   55   0.0081
   56   0.0097
   57   0.0079
   58   0.0078
   59   0.0089
   60   0.0079
   61   0.0070
   62   0.0069
   63   0.0095
   64   0.0076
   65   0.0080
   66   0.0082
   67   0.0085
   68   0.0078
   69   0.0096
   70   0.0083
   71   0.0069
   72   0.0078
   73   0.0066
   74   0.0084
   75   0.0103
   76   0.0107
   77   0.0086
   78   0.0093
   79   0.0139
   80   0.0118
   81   0.0139
   82   0.0089
   83   0.0100
   84   0.0099