@    title "RMS fluctuation"
@    xaxis  label "Residue"
@    yaxis  label "(nm)"
@TYPE xy
    1   0.0404
    2   0.0396
    3   0.0424
    4   0.0335
    5   0.0252
    6   0.0204
    7   0.0282
    8   0.0282
    9   0.0279
   10   0.0291
   11   0.0324
   12   0.0271
   13   0.0263
   14   0.0255
   15   0.0454
   16   0.0373
   17   0.0354
   18   0.0342
   19   0.0346
   20   0.0371
   21   0.0437
   22   0.0407
   23   0.0381
   24   0.0326
   25   0.0348
   26   0.0400
   27   0.0305
   28   0.0383
   29   0.0421
   30   0.0328
   31   0.0329
   32   0.0559
   33   0.0565
   34   0.0551
   35   0.0384
   36   0.0265
   37   0.0256
   38   0.0233
   39   0.0220
   40   0.0291
   41   0.0239
   42   0.0225
   43   0.0203
   44   0.0269
   45   0.0355
   46   0.0267
   47   0.0277
   48   0.0318
   49   0.0301
   50   0.0335
   51   0.0326
   52   0.0364
   53   0.0408
   54   0.0414
   55   0.0505
   56   0.0409
   57   0.0432
   58   0.0367
   59   0.0395
   60   0.0406
   61   0.0400
   62   0.0325
   63   0.0296
   64   0.0353
   65   0.0404
   66   0.0345
   67   0.0256
   68   0.0266
   69   0.0296
   70   0.0323
   71   0.0326
   72   0.0407
   73   0.0394
   74   0.0450
   75   0.0431
   76   0.0430
   77   0.0442
   78   0.0431
   79   0.0442
   80   0.0439
   81   0.0387
   82   0.0378
   83   0.0367
   84   0.0384
   85   0.0353
   86   0.0330
   87   0.0398
   88   0.0336
   89   0.0260
   90   0.0294
   91   0.0274
   92   0.0305
   93   0.0261
   94   0.0343
   95   0.0277
   96   0.0269
   97   0.0309
   98   0.0322
   99   0.0319
  100   0.0346
  101   0.0302
  102   0.0285
  103   0.0198
  104   0.0284
  105   0.0244
  106   0.0264
  107   0.0262
  108   0.0269
  109   0.0319
  110   0.0651
  111   0.0429
  112   0.0396
  113   0.0373
  114   0.0361
  115   0.0308
  116   0.0336
  117   0.0292
  118   0.0313
  119   0.0332
  120   0.0444
  121   0.0375
  122   0.0312
  123   0.0348
  124   0.0593
  125   0.0485
  126   0.0472
  127   0.0463
  128   0.0424
  129   0.0347
  130   0.0331
  131   0.0335
  132   0.0319
  133   0.0319
  134   0.0355
  135   0.0378
  136   0.0401
  137   0.0365
  138   0.0401
  139   0.0414
  140   0.0475
  141   0.0426
  142   0.0422
