@    title "RMS fluctuation"
@    xaxis  label "Residue"
@    yaxis  label "(nm)"
@TYPE xy
    1   0.0372
    2   0.0416
    3   0.0468
    4   0.0387
    5   0.0353
    6   0.0447
    7   0.0393
    8   0.0384
    9   0.0428
   10   0.0428
   11   0.0383
   12   0.0415
   13   0.0433
   14   0.0504
   15   0.0429
   16   0.0418
   17   0.0556
   18   0.0452
   19   0.0438
   20   0.0425
   21   0.0425
   22   0.0452
   23   0.0417
   24   0.0384
   25   0.0466
   26   0.0388
   27   0.0397
   28   0.0541
   29   0.0552
   30   0.0551
   31   0.0374
   32   0.0416
   33   0.0429
   34   0.0379
   35   0.0392
   36   0.0340
   37   0.0368
   38   0.0376
   39   0.0392
   40   0.0381
   41   0.0445
   42   0.0465
   43   0.0467
   44   0.0454
   45   0.0488
   46   0.0506
   47   0.0501
   48   0.0473
   49   0.0425
   50   0.0493
   51   0.0455
   52   0.0393
   53   0.0422
   54   0.0441
   55   0.0425
   56   0.0398
   57   0.0423
   58   0.0405
   59   0.0396
   60   0.0373
   61   0.0383
   62   0.0422
   63   0.0438
   64   0.0469
   65   0.0455
   66   0.0467
   67   0.0482
   68   0.0488
   69   0.0477
   70   0.0427
   71   0.0361
   72   0.0417
   73   0.0432
   74   0.0418
   75   0.0387
   76   0.0318
   77   0.0326
   78   0.0426
   79   0.0420
   80   0.0319
   81   0.0424
   82   0.0335
   83   0.0253
   84   0.0409