@    title "RMS fluctuation"
@    xaxis  label "Residue"
@    yaxis  label "(nm)"
@TYPE xy
    1   0.0088
    2   0.0081
    3   0.0084
    4   0.0079
    5   0.0075
    6   0.0068
    7   0.0078
    8   0.0077
    9   0.0102
   10   0.0095
   11   0.0092
   12   0.0097
   13   0.0101
   14   0.0096
   15   0.0134
   16   0.0122
   17   0.0113
   18   0.0102
   19   0.0092
   20   0.0083
   21   0.0068
   22   0.0074
   23   0.0082
   24   0.0080
   25   0.0083
   26   0.0083
   27   0.0076
   28   0.0079
   29   0.0080
   30   0.0085
   31   0.0078
   32   0.0076
   33   0.0077
   34   0.0084
   35   0.0077
   36   0.0074
   37   0.0079
   38   0.0082
   39   0.0082
   40   0.0083
   41   0.0082
   42   0.0082
   43   0.0085
   44   0.0092
   45   0.0087
   46   0.0080
   47   0.0085
   48   0.0111
   49   0.0095
   50   0.0094
   51   0.0087
   52   0.0090
   53   0.0086
   54   0.0088
   55   0.0083
   56   0.0083
   57   0.0082
   58   0.0085
   59   0.0084
   60   0.0084
   61   0.0094
   62   0.0083
   63   0.0096
   64   0.0081
   65   0.0080
   66   0.0080
   67   0.0098
   68   0.0089
   69   0.0078
   70   0.0089
   71   0.0095
   72   0.0085
   73   0.0088
   74   0.0087
   75   0.0124
   76   0.0150
   77   0.0082
   78   0.0089
   79   0.0108
   80   0.0095
   81   0.0091
   82   0.0085
   83   0.0085
   84   0.0080
   85   0.0080
   86   0.0077
   87   0.0082
   88   0.0078
   89   0.0074
   90   0.0073
   91   0.0084
   92   0.0089
   93   0.0086
   94   0.0079
   95   0.0072
   96   0.0098
   97   0.0071
   98   0.0080
   99   0.0079
  100   0.0077
  101   0.0081
  102   0.0074
  103   0.0076
  104   0.0072
  105   0.0076
  106   0.0078
  107   0.0076
  108   0.0085
  109   0.0078
  110   0.0083
  111   0.0078
  112   0.0094
  113   0.0093
  114   0.0093
  115   0.0088
  116   0.0123
  117   0.0092
  118   0.0083
  119   0.0085
  120   0.0088
  121   0.0117
  122   0.0092
  123   0.0072
  124   0.0071
  125   0.0067
  126   0.0072
  127   0.0079
  128   0.0077
  129   0.0085
  130   0.0082
  131   0.0088
  132   0.0078
  133   0.0075
  134   0.0079
  135   0.0094
  136   0.0080
  137   0.0083
  138   0.0148
  139   0.0081
  140   0.0073
  141   0.0076
  142   0.0090
  143   0.0158
  144   0.0095
  145   0.0074
  146   0.0079
  147   0.0081
  148   0.0084
  149   0.0087
  150   0.0080
  151   0.0073
  152   0.0071
  153   0.0076
  154   0.0076
  155   0.0080
  156   0.0081
  157   0.0088
  158   0.0079
  159   0.0088
  160   0.0091
  161   0.0089
  162   0.0078
  163   0.0081
  164   0.0090
  165   0.0086
  166   0.0092
  167   0.0096
  168   0.0078
  169   0.0076
  170   0.0075
  171   0.0079
  172   0.0079
  173   0.0068
  174   0.0071
  175   0.0075
  176   0.0074
  177   0.0073
  178   0.0076
  179   0.0082
  180   0.0080
  181   0.0081
  182   0.0077
  183   0.0075
  184   0.0082
  185   0.0086
  186   0.0087
  187   0.0087
  188   0.0080
  189   0.0082
  190   0.0080
  191   0.0079
  192   0.0090
  193   0.0082
  194   0.0083
  195   0.0079
  196   0.0075
  197   0.0075
  198   0.0072
  199   0.0091
  200   0.0074
  201   0.0074
  202   0.0079
  203   0.0077
  204   0.0085
  205   0.0081
  206   0.0084
  207   0.0089
  208   0.0090
  209   0.0090
  210   0.0085
  211   0.0082
  212   0.0085
  213   0.0077
  214   0.0084
  215   0.0090
  216   0.0079
  217   0.0080
  218   0.0084
  219   0.0084
  220   0.0087
  221   0.0083
  222   0.0081
  223   0.0071
  224   0.0076
  225   0.0074
  226   0.0070
  227   0.0068
  228   0.0081
  229   0.0081
  230   0.0088
  231   0.0082
  232   0.0091
  233   0.0081
  234   0.0074
  235   0.0091
  236   0.0098
  237   0.0110
  238   0.0106
  239   0.0092
  240   0.0096
  241   0.0094
  242   0.0089
  243   0.0078
  244   0.0082
  245   0.0082
  246   0.0079
  247   0.0082
  248   0.0071
  249   0.0068
  250   0.0067
  251   0.0072
  252   0.0090
  253   0.0088
  254   0.0074
  255   0.0072
  256   0.0068
  257   0.0070
  258   0.0074
  259   0.0078
  260   0.0095
  261   0.0104
  262   0.0095
  263   0.0079
  264   0.0104
  265   0.0091
  266   0.0076
  267   0.0076
  268   0.0068
  269   0.0076
  270   0.0081
  271   0.0093
  272   0.0081
  273   0.0081
  274   0.0092
  275   0.0089
  276   0.0095
  277   0.0093
  278   0.0106
  279   0.0110
  280   0.0111
  281   0.0117
  282   0.0288
  283   0.0156
  284   0.0119
  285   0.0126
  286   0.0109
  287   0.0111
  288   0.0116
  289   0.0123
  290   0.0121
  291   0.0104
  292   0.0088
  293   0.0092
  294   0.0096
  295   0.0096
  296   0.0093
  297   0.0089
  298   0.0106
  299   0.0106
  300   0.0101
  301   0.0101
  302   0.0101
  303   0.0105
  304   0.0098
  305   0.0098
  306   0.0098
  307   0.0096
  308   0.0095
  309   0.0094
  310   0.0098
  311   0.0103
  312   0.0116
  313   0.0106
  314   0.0121
  315   0.0115
  316   0.0098
  317   0.0093
  318   0.0091
  319   0.0111
  320   0.0188
  321   0.0132
  322   0.0106
  323   0.0099
  324   0.0099
  325   0.0094
  326   0.0092
  327   0.0104
  328   0.0118
  329   0.0128
  330   0.0096
  331   0.0095
  332   0.0153
  333   0.0115
  334   0.0105
  335   0.0124
  336   0.0112
  337   0.0111
  338   0.0116
  339   0.0111
  340   0.0100
  341   0.0106
  342   0.0107
  343   0.0105
  344   0.0102
  345   0.0098
  346   0.0091
  347   0.0093
  348   0.0106
  349   0.0101
  350   0.0078
  351   0.0077
  352   0.0100
  353   0.0098
  354   0.0084
