@    title "RMS fluctuation"
@    xaxis  label "Residue"
@    yaxis  label "(nm)"
@TYPE xy
    1   0.0069
    2   0.0074
    3   0.0082
    4   0.0077
    5   0.0085
    6   0.0093
    7   0.0081
    8   0.0102
    9   0.0108
   10   0.0126
   11   0.0107
   12   0.0089
   13   0.0085
   14   0.0089
   15   0.0090
   16   0.0086
   17   0.0081
   18   0.0087
   19   0.0084
   20   0.0097
   21   0.0090
   22   0.0081
   23   0.0077
   24   0.0105
   25   0.0085
   26   0.0087
   27   0.0111
   28   0.0106
   29   0.0084
   30   0.0102
   31   0.0095
   32   0.0116
   33   0.0088
   34   0.0091
   35   0.0107
   36   0.0099
   37   0.0105
   38   0.0111
   39   0.0097
   40   0.0092
   41   0.0108
   42   0.0104
   43   0.0104
   44   0.0094
   45   0.0093
   46   0.0100
   47   0.0095
   48   0.0089
   49   0.0092
   50   0.0091
   51   0.0098
   52   0.0106
   53   0.0104
   54   0.0104
   55   0.0106
   56   0.0102
   57   0.0117
   58   0.0116
   59   0.0093
   60   0.0092
   61   0.0088
   62   0.0091
   63   0.0091
   64   0.0118
   65   0.0084
   66   0.0093
   67   0.0095
   68   0.0083
   69   0.0089
   70   0.0097
   71   0.0087
   72   0.0085
   73   0.0080
   74   0.0089
   75   0.0089
   76   0.0077
   77   0.0105
   78   0.0113
   79   0.0114
   80   0.0111
   81   0.0210
   82   0.0090
   83   0.0083
   84   0.0097