@    title "RMS fluctuation"
@    xaxis  label "Residue"
@    yaxis  label "(nm)"
@TYPE xy
    1   0.0348
    2   0.0361
    3   0.0338
    4   0.0343
    5   0.0309
    6   0.0260
    7   0.0255
    8   0.0306
    9   0.0305
   10   0.0264
   11   0.0324
   12   0.0411
   13   0.0302
   14   0.0306
   15   0.0344
   16   0.0382
   17   0.0448
   18   0.0418
   19   0.0462
   20   0.0525
   21   0.0492
   22   0.0497
   23   0.0432
   24   0.0401
   25   0.0433
   26   0.0334
   27   0.0412
   28   0.0408
   29   0.0377
   30   0.0446
   31   0.0675
   32   0.0309
   33   0.0285
   34   0.0303
   35   0.0300
   36   0.0308
   37   0.0303
   38   0.0329
   39   0.0372
   40   0.0371
   41   0.0366
   42   0.0381
   43   0.0349
   44   0.0507
   45   0.0728
   46   0.0473
   47   0.0386
   48   0.0587
   49   0.0416
   50   0.0402
   51   0.0434
   52   0.0466
   53   0.0457
   54   0.0504
   55   0.0574
   56   0.0638
   57   0.0615
   58   0.0589
   59   0.0521
   60   0.0460
   61   0.0467
   62   0.0447
   63   0.0417
   64   0.0340
   65   0.0464
   66   0.0370
   67   0.0369
   68   0.0383
   69   0.0307
   70   0.0310
   71   0.0318
   72   0.0419
   73   0.0332
   74   0.0284
   75   0.0482
   76   0.0305
   77   0.0342
   78   0.0351
   79   0.0376
   80   0.0391
   81   0.0378
   82   0.0306
   83   0.0312
   84   0.0391
   85   0.0608
   86   0.0394
   87   0.0314
   88   0.0341
   89   0.0392
   90   0.0411
   91   0.0384
   92   0.0338
   93   0.0291
   94   0.0312
   95   0.0303
   96   0.0234
   97   0.0305
   98   0.0355
   99   0.0348
  100   0.0386
  101   0.0358
  102   0.0319
  103   0.0295
  104   0.0292
  105   0.0330
  106   0.0382
  107   0.0320
  108   0.0312
  109   0.0334
  110   0.0398
  111   0.0418
  112   0.0328
  113   0.0330
  114   0.0468
  115   0.0405
  116   0.0336
  117   0.0391
  118   0.0298
  119   0.0350
  120   0.0381
  121   0.0443
  122   0.0387
  123   0.0466
  124   0.0355
  125   0.0320
  126   0.0341
  127   0.0260
  128   0.0310
  129   0.0339
  130   0.0329
  131   0.0353
  132   0.0352
  133   0.0278
  134   0.0351
  135   0.0352
  136   0.0339
  137   0.0385
  138   0.0371
  139   0.0324
  140   0.0335
  141   0.0322
  142   0.0307
